Gc =
 
  0.8908 s + 8.098
  ----------------
     0.47 s + 1
